  0  0    0  0    0   0    0  78    0 56  128 2048   56   2056    0    0
  0  0    0  0 4274  78    0   0    0 56 2176 2048   56   2056    0 2048
  0  0    0  0    0   0    0  78 4168 56  128 2048   2112 2056 2056    0
  0  0    0  0 4274  78    0   0 4168 56 2176 2048   2112 2056 2056 2048
#ccdconfig spectro_amp1 0 2 1 1 1 1 1 1 4224 4352\
#  0  0    0  0    0   0    0 112    0 48  119 2057     48 2064    0    0\
#  0  0    0  0 4240 112    0   0    0 48 2176 2057     48 2064    0 2057\
#  0  0    0  0    0  20    0 112 4176 48  119 2057   2112 2064 2064    0\
#  0  0    0  0 4240 112    0   0 4176 48 2176 2057   2112 2064 2064 2057
#ccdconfig spectro_amp1 0 3 1 1 1 1 1 1 4224 4352\
#  0  0    0  0    0   0    0  78    0 56  128 2048   56   2056    0    0\
#  0  0    0  0 4274  78    0   0    0 56 2176 2048   56   2056    0 2048\
#  0  0    0  0    0   0    0  78 4168 56  128 2048   2112 2056 2056    0\
#  0  0    0  0 4274  78    0   0 4168 56 2176 2048   2112 2048 2056 2048
#ccdconfig spectro_amp1 0 4 1 1 1 1 1 1 4224 4352\
#  0  0    0  0    0   0    0 112    0 48  119 2057     48 2064    0    0\
#  0  0    0  0 4240 112    0   0    0 48 2176 2057     48 2064    0 2057\
#  0  0    0  0    0  20    0 112 4176 48  119 2057   2112 2064 2064    0\
#  0  0    0  0 4240 112    0   0 4176 48 2176 2057   2112 2064 2064 2057

